-0.42 -0.29 -0.17 -0.39 -0.34 -0.35 -0.33 -0.32 -0.29 -0.39 
X: -9.71 Y: 0.40 Z: -0.39

-0.29 -0.17 -0.39 -0.34 -0.35 -0.33 -0.32 -0.29 -0.39 -0.27 
X: -9.63 Y: 0.41 Z: -0.27

-0.17 -0.39 -0.34 -0.35 -0.33 -0.32 -0.29 -0.39 -0.27 -0.23 
X: -9.87 Y: 0.61 Z: -0.23

-0.39 -0.34 -0.35 -0.33 -0.32 -0.29 -0.39 -0.27 -0.23 -0.43 
X: -9.69 Y: 0.35 Z: -0.43

-0.34 -0.35 -0.33 -0.32 -0.29 -0.39 -0.27 -0.23 -0.43 -0.33 
X: -9.81 Y: 0.49 Z: -0.33

-0.35 -0.33 -0.32 -0.29 -0.39 -0.27 -0.23 -0.43 -0.33 -0.40 
X: -9.57 Y: 0.39 Z: -0.40

-0.33 -0.32 -0.29 -0.39 -0.27 -0.23 -0.43 -0.33 -0.40 -0.26 
X: -9.78 Y: 0.39 Z: -0.26

-0.32 -0.29 -0.39 -0.27 -0.23 -0.43 -0.33 -0.40 -0.26 -0.53 
X: -9.82 Y: 0.44 Z: -0.53

-0.29 -0.39 -0.27 -0.23 -0.43 -0.33 -0.40 -0.26 -0.53 -0.17 
X: -9.73 Y: 0.47 Z: -0.17

-0.39 -0.27 -0.23 -0.43 -0.33 -0.40 -0.26 -0.53 -0.17 -0.25 
X: -9.72 Y: 0.55 Z: -0.25

-0.27 -0.23 -0.43 -0.33 -0.40 -0.26 -0.53 -0.17 -0.25 -0.34 
X: -9.66 Y: 0.37 Z: -0.34

-0.23 -0.43 -0.33 -0.40 -0.26 -0.53 -0.17 -0.25 -0.34 -0.34 
X: -9.74 Y: 0.49 Z: -0.34

-0.43 -0.33 -0.40 -0.26 -0.53 -0.17 -0.25 -0.34 -0.34 -0.33 
X: -9.63 Y: 0.41 Z: -0.33

-0.33 -0.40 -0.26 -0.53 -0.17 -0.25 -0.34 -0.34 -0.33 -0.19 
X: -9.76 Y: 0.50 Z: -0.19

-0.40 -0.26 -0.53 -0.17 -0.25 -0.34 -0.34 -0.33 -0.19 -0.52 
X: -9.60 Y: 0.53 Z: -0.52

-0.26 -0.53 -0.17 -0.25 -0.34 -0.34 -0.33 -0.19 -0.52 -0.23 
X: -9.73 Y: 0.46 Z: -0.23

-0.53 -0.17 -0.25 -0.34 -0.34 -0.33 -0.19 -0.52 -0.23 -0.87 
X: -9.80 Y: 1.07 Z: -0.87

-0.17 -0.25 -0.34 -0.34 -0.33 -0.19 -0.52 -0.23 -0.87 -0.11 
X: -9.61 Y: 0.13 Z: -0.11

-0.25 -0.34 -0.34 -0.33 -0.19 -0.52 -0.23 -0.87 -0.11 -0.35 
X: -9.92 Y: 0.60 Z: -0.35

-0.34 -0.34 -0.33 -0.19 -0.52 -0.23 -0.87 -0.11 -0.35 -0.33 
X: -9.78 Y: 0.51 Z: -0.33

-0.34 -0.33 -0.19 -0.52 -0.23 -0.87 -0.11 -0.35 -0.33 -0.36 
X: -9.70 Y: 0.38 Z: -0.36

-0.33 -0.19 -0.52 -0.23 -0.87 -0.11 -0.35 -0.33 -0.36 -0.42 
X: -9.75 Y: 0.45 Z: -0.42

-0.19 -0.52 -0.23 -0.87 -0.11 -0.35 -0.33 -0.36 -0.42 -0.38 
X: -9.75 Y: 0.43 Z: -0.38

-0.52 -0.23 -0.87 -0.11 -0.35 -0.33 -0.36 -0.42 -0.38 -0.34 
X: -9.68 Y: 0.37 Z: -0.34

-0.23 -0.87 -0.11 -0.35 -0.33 -0.36 -0.42 -0.38 -0.34 -0.35 
X: -9.72 Y: 0.46 Z: -0.35

-0.87 -0.11 -0.35 -0.33 -0.36 -0.42 -0.38 -0.34 -0.35 -0.37 
X: -9.73 Y: 0.48 Z: -0.37

-0.11 -0.35 -0.33 -0.36 -0.42 -0.38 -0.34 -0.35 -0.37 -0.36 
X: -9.64 Y: 0.35 Z: -0.36

-0.35 -0.33 -0.36 -0.42 -0.38 -0.34 -0.35 -0.37 -0.36 -0.25 
X: -9.71 Y: 0.39 Z: -0.25

-0.33 -0.36 -0.42 -0.38 -0.34 -0.35 -0.37 -0.36 -0.25 -0.35 
X: -9.75 Y: 0.53 Z: -0.35

-0.36 -0.42 -0.38 -0.34 -0.35 -0.37 -0.36 -0.25 -0.35 -0.32 
X: -9.64 Y: 0.35 Z: -0.32

-0.42 -0.38 -0.34 -0.35 -0.37 -0.36 -0.25 -0.35 -0.32 -0.26 
X: -9.62 Y: 0.35 Z: -0.26

-0.38 -0.34 -0.35 -0.37 -0.36 -0.25 -0.35 -0.32 -0.26 -0.44 
X: -9.74 Y: 0.53 Z: -0.44

-0.34 -0.35 -0.37 -0.36 -0.25 -0.35 -0.32 -0.26 -0.44 -0.46 
X: -9.55 Y: 0.40 Z: -0.46

-0.35 -0.37 -0.36 -0.25 -0.35 -0.32 -0.26 -0.44 -0.46 -0.34 
X: -9.71 Y: 0.35 Z: -0.34

-0.37 -0.36 -0.25 -0.35 -0.32 -0.26 -0.44 -0.46 -0.34 -0.36 
X: -9.76 Y: 0.47 Z: -0.36

-0.36 -0.25 -0.35 -0.32 -0.26 -0.44 -0.46 -0.34 -0.36 -0.37 
X: -9.58 Y: 0.34 Z: -0.37

-0.25 -0.35 -0.32 -0.26 -0.44 -0.46 -0.34 -0.36 -0.37 -0.22 
X: -9.70 Y: 0.37 Z: -0.22

-0.35 -0.32 -0.26 -0.44 -0.46 -0.34 -0.36 -0.37 -0.22 -0.45 
X: -9.64 Y: 0.56 Z: -0.45

-0.32 -0.26 -0.44 -0.46 -0.34 -0.36 -0.37 -0.22 -0.45 -0.38 
X: -9.70 Y: 0.37 Z: -0.38

-0.26 -0.44 -0.46 -0.34 -0.36 -0.37 -0.22 -0.45 -0.38 -0.15 
X: -9.76 Y: 0.37 Z: -0.15

-0.44 -0.46 -0.34 -0.36 -0.37 -0.22 -0.45 -0.38 -0.15 -0.40 
X: -9.63 Y: 0.48 Z: -0.40

-0.46 -0.34 -0.36 -0.37 -0.22 -0.45 -0.38 -0.15 -0.40 -0.45 
X: -9.74 Y: 0.44 Z: -0.45

-0.34 -0.36 -0.37 -0.22 -0.45 -0.38 -0.15 -0.40 -0.45 -0.20 
X: -9.67 Y: 0.36 Z: -0.20

-0.36 -0.37 -0.22 -0.45 -0.38 -0.15 -0.40 -0.45 -0.20 -0.45 
X: -9.68 Y: 0.47 Z: -0.45

-0.37 -0.22 -0.45 -0.38 -0.15 -0.40 -0.45 -0.20 -0.45 -0.42 
X: -9.74 Y: 0.46 Z: -0.42

-0.22 -0.45 -0.38 -0.15 -0.40 -0.45 -0.20 -0.45 -0.42 -0.39 
X: -9.63 Y: 0.35 Z: -0.39

-0.45 -0.38 -0.15 -0.40 -0.45 -0.20 -0.45 -0.42 -0.39 -0.18 
X: -9.79 Y: 0.41 Z: -0.18

-0.38 -0.15 -0.40 -0.45 -0.20 -0.45 -0.42 -0.39 -0.18 -0.51 
X: -9.84 Y: 0.44 Z: -0.51

-0.15 -0.40 -0.45 -0.20 -0.45 -0.42 -0.39 -0.18 -0.51 -0.07 
X: -9.67 Y: 0.49 Z: -0.07

-0.40 -0.45 -0.20 -0.45 -0.42 -0.39 -0.18 -0.51 -0.07 -0.52 
X: -9.88 Y: 0.35 Z: -0.52

-0.45 -0.20 -0.45 -0.42 -0.39 -0.18 -0.51 -0.07 -0.52 -0.28 
X: -9.72 Y: 0.34 Z: -0.28

-0.20 -0.45 -0.42 -0.39 -0.18 -0.51 -0.07 -0.52 -0.28 -0.36 
X: -9.61 Y: 0.34 Z: -0.36

-0.45 -0.42 -0.39 -0.18 -0.51 -0.07 -0.52 -0.28 -0.36 -0.31 
X: -9.71 Y: 0.31 Z: -0.31

-0.42 -0.39 -0.18 -0.51 -0.07 -0.52 -0.28 -0.36 -0.31 -0.68 
X: -9.90 Y: 0.45 Z: -0.68

-0.39 -0.18 -0.51 -0.07 -0.52 -0.28 -0.36 -0.31 -0.68 -0.11 
X: -9.45 Y: 0.43 Z: -0.11

-0.18 -0.51 -0.07 -0.52 -0.28 -0.36 -0.31 -0.68 -0.11 -0.26 
X: -9.77 Y: 0.29 Z: -0.26

-0.51 -0.07 -0.52 -0.28 -0.36 -0.31 -0.68 -0.11 -0.26 -0.63 
X: -9.86 Y: 0.52 Z: -0.63

-0.07 -0.52 -0.28 -0.36 -0.31 -0.68 -0.11 -0.26 -0.63 -0.29 
X: -9.68 Y: 0.53 Z: -0.29

-0.52 -0.28 -0.36 -0.31 -0.68 -0.11 -0.26 -0.63 -0.29 -0.02 
X: -9.46 Y: 0.23 Z: -0.02

-0.28 -0.36 -0.31 -0.68 -0.11 -0.26 -0.63 -0.29 -0.02 -0.57 
X: -9.82 Y: 0.35 Z: -0.57

-0.36 -0.31 -0.68 -0.11 -0.26 -0.63 -0.29 -0.02 -0.57 -0.55 
X: -9.87 Y: 0.29 Z: -0.55

-0.31 -0.68 -0.11 -0.26 -0.63 -0.29 -0.02 -0.57 -0.55 -0.57 
X: -9.86 Y: 0.46 Z: -0.57

-0.68 -0.11 -0.26 -0.63 -0.29 -0.02 -0.57 -0.55 -0.57 -0.34 
X: -9.49 Y: 0.68 Z: -0.34

-0.11 -0.26 -0.63 -0.29 -0.02 -0.57 -0.55 -0.57 -0.34 -0.15 
X: -9.49 Y: 0.53 Z: -0.15

-0.26 -0.63 -0.29 -0.02 -0.57 -0.55 -0.57 -0.34 -0.15 -0.14 
X: -9.64 Y: 0.54 Z: -0.14

-0.63 -0.29 -0.02 -0.57 -0.55 -0.57 -0.34 -0.15 -0.14 -0.54 
X: -9.73 Y: 0.36 Z: -0.54

-0.29 -0.02 -0.57 -0.55 -0.57 -0.34 -0.15 -0.14 -0.54 -0.38 
X: -9.75 Y: 0.54 Z: -0.38

-0.02 -0.57 -0.55 -0.57 -0.34 -0.15 -0.14 -0.54 -0.38 -0.32 
X: -9.61 Y: 0.46 Z: -0.32

-0.57 -0.55 -0.57 -0.34 -0.15 -0.14 -0.54 -0.38 -0.32 -0.30 
X: -9.63 Y: 0.37 Z: -0.30

-0.55 -0.57 -0.34 -0.15 -0.14 -0.54 -0.38 -0.32 -0.30 -0.48 
X: -9.78 Y: 0.57 Z: -0.48

-0.57 -0.34 -0.15 -0.14 -0.54 -0.38 -0.32 -0.30 -0.48 -0.35 
X: -9.63 Y: 0.31 Z: -0.35

-0.34 -0.15 -0.14 -0.54 -0.38 -0.32 -0.30 -0.48 -0.35 -0.35 
X: -9.61 Y: 0.43 Z: -0.35

-0.15 -0.14 -0.54 -0.38 -0.32 -0.30 -0.48 -0.35 -0.35 -0.47 
X: -9.65 Y: 0.46 Z: -0.47

-0.14 -0.54 -0.38 -0.32 -0.30 -0.48 -0.35 -0.35 -0.47 -0.34 
X: -9.75 Y: 0.37 Z: -0.34

-0.54 -0.38 -0.32 -0.30 -0.48 -0.35 -0.35 -0.47 -0.34 -0.34 
X: -9.71 Y: 0.35 Z: -0.34

-0.38 -0.32 -0.30 -0.48 -0.35 -0.35 -0.47 -0.34 -0.34 -0.45 
X: -9.62 Y: 0.35 Z: -0.45

-0.32 -0.30 -0.48 -0.35 -0.35 -0.47 -0.34 -0.34 -0.45 -0.34 
X: -9.78 Y: 0.49 Z: -0.34

-0.30 -0.48 -0.35 -0.35 -0.47 -0.34 -0.34 -0.45 -0.34 -0.33 
X: -9.70 Y: 0.42 Z: -0.33

-0.48 -0.35 -0.35 -0.47 -0.34 -0.34 -0.45 -0.34 -0.33 -0.46 
X: -9.75 Y: 0.34 Z: -0.46

-0.35 -0.35 -0.47 -0.34 -0.34 -0.45 -0.34 -0.33 -0.46 -0.43 
X: -9.85 Y: 0.54 Z: -0.43

-0.35 -0.47 -0.34 -0.34 -0.45 -0.34 -0.33 -0.46 -0.43 -0.30 
X: -9.59 Y: 0.34 Z: -0.30

-0.47 -0.34 -0.34 -0.45 -0.34 -0.33 -0.46 -0.43 -0.30 -0.24 
X: -9.70 Y: 0.30 Z: -0.24

-0.34 -0.34 -0.45 -0.34 -0.33 -0.46 -0.43 -0.30 -0.24 -0.39 
X: -9.69 Y: 0.42 Z: -0.39

-0.34 -0.45 -0.34 -0.33 -0.46 -0.43 -0.30 -0.24 -0.39 -0.38 
X: -9.64 Y: 0.37 Z: -0.38

-0.45 -0.34 -0.33 -0.46 -0.43 -0.30 -0.24 -0.39 -0.38 -0.39 
X: -9.70 Y: 0.40 Z: -0.39

-0.34 -0.33 -0.46 -0.43 -0.30 -0.24 -0.39 -0.38 -0.39 -0.36 
X: -9.66 Y: 0.42 Z: -0.36

-0.33 -0.46 -0.43 -0.30 -0.24 -0.39 -0.38 -0.39 -0.36 -0.34 
X: -9.68 Y: 0.41 Z: -0.34

-0.46 -0.43 -0.30 -0.24 -0.39 -0.38 -0.39 -0.36 -0.34 -0.38 
X: -9.73 Y: 0.47 Z: -0.38

-0.43 -0.30 -0.24 -0.39 -0.38 -0.39 -0.36 -0.34 -0.38 -0.39 
X: -9.65 Y: 0.39 Z: -0.39

-0.30 -0.24 -0.39 -0.38 -0.39 -0.36 -0.34 -0.38 -0.39 -0.34 
X: -9.71 Y: 0.41 Z: -0.34

-0.24 -0.39 -0.38 -0.39 -0.36 -0.34 -0.38 -0.39 -0.34 -0.39 
X: -9.71 Y: 0.41 Z: -0.39

-0.39 -0.38 -0.39 -0.36 -0.34 -0.38 -0.39 -0.34 -0.39 -0.36 
X: -9.72 Y: 0.42 Z: -0.36

-0.38 -0.39 -0.36 -0.34 -0.38 -0.39 -0.34 -0.39 -0.36 -0.31 
X: -9.68 Y: 0.45 Z: -0.31

-0.39 -0.36 -0.34 -0.38 -0.39 -0.34 -0.39 -0.36 -0.31 -0.37 
X: -9.67 Y: 0.45 Z: -0.37

-0.36 -0.34 -0.38 -0.39 -0.34 -0.39 -0.36 -0.31 -0.37 -0.38 
X: -9.71 Y: 0.38 Z: -0.38

-0.34 -0.38 -0.39 -0.34 -0.39 -0.36 -0.31 -0.37 -0.38 -0.37 
X: -9.72 Y: 0.44 Z: -0.37

-0.38 -0.39 -0.34 -0.39 -0.36 -0.31 -0.37 -0.38 -0.37 -0.37 
X: -9.65 Y: 0.47 Z: -0.37

-0.39 -0.34 -0.39 -0.36 -0.31 -0.37 -0.38 -0.37 -0.37 -0.31 
X: -9.75 Y: 0.39 Z: -0.31

-0.34 -0.39 -0.36 -0.31 -0.37 -0.38 -0.37 -0.37 -0.31 -0.38 
X: -9.71 Y: 0.44 Z: -0.38

-0.39 -0.36 -0.31 -0.37 -0.38 -0.37 -0.37 -0.31 -0.38 -0.35 
X: -9.63 Y: 0.39 Z: -0.35

-0.36 -0.31 -0.37 -0.38 -0.37 -0.37 -0.31 -0.38 -0.35 -0.37 
X: -9.67 Y: 0.45 Z: -0.37

-0.31 -0.37 -0.38 -0.37 -0.37 -0.31 -0.38 -0.35 -0.37 -0.39 
X: -9.65 Y: 0.41 Z: -0.39

